date,polarity,subjectivity,favorites,retweets,price
2017-01-01,0.0997026050078,0.227451257236,1.88505747126,1.04388714734,998.33
2017-01-02,0.0808292208557,0.210951722956,0.944856839873,0.479321314952,1021.75
2017-02-28,0.0720076494493,0.251969692226,2.18974358974,0.78358974359,1179.97
2017-03-01,0.0684913032462,0.23446282846,0.813664596273,0.475155279503,1222.5
2017-03-02,0.0832920069156,0.223169445836,0.422314911366,0.343065693431,1251.01
2017-03-03,0.0617122290396,0.221630637598,0.891946992864,2.00203873598,1274.99
2017-03-04,0.0552117847007,0.213613635734,0.512041884817,0.386387434555,1255.15
2017-03-05,0.0927088694485,0.243682602969,0.709779179811,0.768664563617,1267.12
2017-03-06,0.0620162475661,0.241226042427,0.44750795334,0.413573700954,1272.83
2017-03-07,0.0304528365748,0.237109085534,0.695697796432,0.654774396642,1223.54
2017-03-08,0.0254043687902,0.186263284671,0.823958333333,0.697916666667,1150.0
2017-03-09,0.0602501702577,0.241661577068,0.525720164609,0.670781893004,1188.49
2017-03-10,0.0128785682433,0.297366182994,1.97227926078,4.36550308008,1116.72
2017-03-11,0.0459972613433,0.267094508237,0.732365145228,0.569502074689,1175.83
2017-03-12,0.0569406817995,0.216015984543,0.79792746114,0.624870466321,1221.38
2017-03-13,0.0780719722837,0.245034235954,0.492130115425,0.643231899265,1231.92
2017-03-14,0.0810490296717,0.254776455767,1.44250513347,0.833675564682,1240.0
2017-03-15,0.049343824207,0.22354119516,0.829473684211,5.71894736842,1249.61
2017-03-16,0.0990900326915,0.242917321299,0.796469366563,0.386292834891,1187.81
2017-03-17,0.047357457429,0.243432328315,1.31134020619,1.17628865979,1100.23
2017-03-18,0.054865907508,0.221707340238,1.14464099896,0.657648283039,973.82
2017-03-19,0.0315376810904,0.260499789004,0.714993804213,0.438661710037,1036.74
2017-03-20,0.0477175931683,0.268575982742,1.08169596691,1.16235780765,1054.23
2017-03-21,-0.00786542003278,0.28251217111,1.09968847352,0.655244029076,1120.54
2017-03-22,0.0593462399597,0.215071394337,0.525510204082,0.423469387755,1049.14
2017-03-23,0.0813426917316,0.255869585472,0.996798292423,0.607257203842,1038.59
2017-03-24,0.0556389203848,0.231528052989,1.30515463918,0.738144329897,937.52
2017-06-01,0.0976310534783,0.244524360396,0.987654320988,0.927825261159,2407.88
2017-06-02,0.101531954293,0.216898740014,1.68030139935,1.24650161464,2488.55
2017-06-03,0.0558995839838,0.22326886486,2.2625698324,1.64618249534,2515.35
2017-06-04,0.052061810888,0.191258177939,1.05917159763,4.35976331361,2511.81
2017-06-05,0.0690441698769,0.183877553831,1.88786127168,2.91098265896,2686.81
2017-06-06,0.0779324175604,0.264108216519,1.51526251526,1.30158730159,2863.2
2017-06-07,0.0758216576547,0.220865907589,1.87616099071,1.06811145511,2732.16
2017-06-08,0.050610063529,0.192627452891,1.73988970588,1.13970588235,2805.62
2017-06-09,0.0696496310713,0.234043758114,1.33225806452,1.13870967742,2823.81
2017-06-10,0.10925196998,0.238157420268,1.18502673797,0.873796791444,2947.71
2017-06-11,0.0620373527097,0.190254049021,2.64598930481,1.87807486631,2958.11
2017-06-12,0.0639130060526,0.20439405764,4.26,1.77111111111,2659.63
2017-06-13,0.0670619434954,0.203108927132,2.0583501006,1.66800804829,2717.02
2017-06-14,0.067249351508,0.20763457685,5.13774403471,1.68763557484,2506.37
2017-06-15,0.0614607186789,0.255965045433,1.81504702194,0.849529780564,2464.58
2017-06-16,0.0551725691361,0.224391464503,2.37435897436,2.15641025641,2518.56
2017-06-17,0.0683311513805,0.220189644448,1.82450674974,1.83592938733,2655.88
2017-06-18,0.0788481890574,0.212334493675,1.53668341709,1.12060301508,2548.29
2017-06-19,0.0416799206591,0.217683491138,0.75429326288,0.529722589168,2589.6
2017-06-20,0.0557758172599,0.171593470636,1.2348565356,0.757704569607,2721.79
2017-06-21,0.0584127675523,0.208280598364,2.55617977528,2.38014981273,2689.1
2017-06-22,0.0520640915739,0.189698417514,1.36545682103,0.948685857322,2705.41
2017-06-23,0.0618067515884,0.191804470643,2.03278688525,1.4606557377,2744.91
2017-06-24,0.0614459332662,0.200548601456,1.06229860365,0.66380236305,2608.72
2017-06-25,0.0600913809737,0.205760520455,3.71561530507,0.767321613237,2589.41
2017-06-26,0.0465810711077,0.21219603865,1.81805929919,1.5539083558,2478.45
2017-06-27,0.0306443300839,0.194271892284,2.05623721881,1.93865030675,2552.45
2017-06-28,0.0645206023421,0.290363008201,2.33949191686,3.1974595843,2574.79
2017-06-29,0.0553109431014,0.194796014938,1.33885819521,4.83425414365,2539.32
2017-06-30,0.0630241337401,0.265520698898,1.17451205511,0.701492537313,2480.84
2017-07-01,0.00822670404206,0.299281407114,0.732831608655,0.588899341486,2434.55
2017-07-02,0.0637245732762,0.26775993969,1.33751119069,0.752014324082,2506.47
2017-07-03,0.0616266104338,0.264796107423,1.5325,1.07125,2564.06
2017-07-04,0.0587599224183,0.249527029729,1.88361581921,0.988700564972,2601.64
2017-07-05,0.0511446063806,0.174227813029,2.35616438356,2.96347031963,2601.99
2017-07-06,0.0668680605129,0.265296279394,1.25493421053,1.19161184211,2608.56
2017-07-07,0.075836990478,0.216497991837,1.71668667467,4.424969988,2518.66
2017-07-08,0.0616552513353,0.198407933823,0.895437262357,0.678707224335,2571.34
2017-07-09,0.0502381996976,0.216927621623,1.41876892028,0.934409687185,2518.44
2017-07-10,0.0592004035,0.228831398968,0.985835694051,0.648725212465,2372.56
2017-07-11,0.0383631806481,0.193334817755,1.06783144913,0.678314491264,2337.79
2017-07-13,0.0701871683414,0.227597152525,1.61228230981,1.42071494042,2357.9
2017-07-14,0.0511267158914,0.18766097668,7.69080234834,5.18590998043,2233.34
2017-07-15,0.0537029223416,0.180206646667,1.46900584795,0.479532163743,1998.86
2017-07-16,0.108735358249,0.249712691992,0.975294117647,0.754117647059,1929.82
2017-07-17,0.0581944407618,0.204697039442,0.829,0.653,2228.41
2017-07-18,0.0357119423805,0.243883572001,1.17347956132,0.594217347956,2318.88
2017-07-19,0.0640153130576,0.206007698547,1.36747624076,0.733896515312,2273.43
2017-07-20,0.0597671746645,0.220027518225,1.00796812749,0.678618857902,2817.6
2017-07-21,0.0436441250897,0.214916109047,3.60794297352,1.68940936864,2667.76
2017-07-22,0.0737878656355,0.216765473307,0.725340136054,0.385204081633,2810.12
2017-07-23,0.0483656202725,0.20335250692,0.845982142857,0.434151785714,2730.4
2017-07-24,0.0443187878135,0.207668529329,1.67550505051,1.48106060606,2754.86
2017-07-25,0.0780126667848,0.235997098119,3.58598726115,5.66560509554,2576.48
2017-07-26,0.0365663999934,0.209471485934,0.861855670103,0.49587628866,2529.45
2017-07-27,0.0402889094689,0.212662683062,3.0414893617,3.17553191489,2671.78
2017-07-28,0.0245986161015,0.228457202876,0.924008810573,0.439427312775,2809.01
2017-07-29,0.047968854904,0.238303963411,1.99140708915,1.05585392052,2726.45
2017-07-30,0.0651245394994,0.228272576826,1.02753195674,0.785644051131,2757.18
2017-07-31,0.0638452703627,0.216514132993,0.917981072555,0.477917981073,2875.34
2017-08-01,0.038017106998,0.152262749557,6.18411967779,6.9413118527,2718.26
2017-08-02,0.0326861295322,0.232590489781,1.45442708333,0.850260416667,2710.67
2017-08-03,0.0629434471978,0.192106909406,10.0,10.0,2804.73
2017-08-04,0.0409857748554,0.218576865797,1.06020942408,1.09293193717,2895.89
2017-08-05,0.0623672173197,0.212633308158,1.66992665037,1.29706601467,3252.91
2017-08-06,0.0732645038687,0.224264404171,10.0,10.0,3213.94
2017-08-07,0.0746378902583,0.250030763433,5.69209431345,2.56310679612,3378.94
2017-08-08,0.0764711157173,0.204676862025,1.21540178571,0.597098214286,3419.94
2017-08-09,0.0379380805257,0.239463762632,1.07624633431,1.2981427175,3342.47
2017-08-10,0.0688422112975,0.224317799306,0.96,0.637894736842,3381.28
2017-08-11,0.0668746539417,0.22880005447,1.97505938242,2.48693586698,3650.62
2017-08-12,0.077141747215,0.23392988392,2.73586744639,2.24756335283,3884.71
2017-08-13,0.0638197591099,0.220820306237,2.60561660562,6.75702075702,4073.26
2017-08-14,0.0401396221807,0.228698460369,1.73291272345,1.12513144059,4325.13
2017-08-15,0.0708876969267,0.216780122191,2.33815925543,1.3360910031,4181.93
2017-08-16,0.077303820304,0.211178285979,1.47324239244,1.03567681007,4376.63
2017-08-17,0.0700499930709,0.228304849005,3.50810810811,2.7827027027,4331.69
2017-08-18,0.0693560059767,0.242767842724,1.78672470076,1.69749727965,4160.62
2017-08-19,0.0673129359067,0.240330965158,2.43905472637,1.76616915423,4193.7
2017-08-20,0.055856639726,0.184186786258,5.08150470219,5.62382445141,4087.66
2017-08-21,0.0441438792519,0.223370428591,2.98868778281,2.54977375566,4001.74
2017-08-22,0.0484661916363,0.193686389059,6.66004672897,1.19392523364,4100.52
2017-08-23,0.0773955324659,0.213682619247,1.06659505908,0.689581095596,4151.52
2017-08-24,0.0644655637472,0.214830706211,2.09090909091,2.19480519481,4334.68
2017-08-25,0.0528325136632,0.201262904316,3.11316648531,1.41240478781,4371.6
2017-08-26,0.0646389304699,0.246711331744,3.22391304348,1.63152173913,4352.4
2017-08-27,0.0365042502102,0.244298901577,1.73932092004,0.959474260679,4382.88
2017-08-28,0.0591023913045,0.231638938514,1.43347193347,0.849272349272,4382.66
2017-08-29,0.0449009367753,0.218861373951,3.34288990826,5.86697247706,4579.02
2017-08-30,0.0666824703931,0.237522855374,2.33865814696,2.00425985091,4565.3
2017-08-31,0.0626690112737,0.233895541775,1.83492063492,1.8962962963,4703.39
2017-09-01,0.0670460551701,0.257249491878,1.6178343949,1.3991507431,4892.01
2017-09-02,0.0725002868742,0.243467946736,1.96153846154,1.6032967033,4578.77
2017-09-03,0.0821648169416,0.218832103968,5.72446808511,10.0,4582.96
2017-09-04,0.0548397941991,0.208794373851,4.2740021575,1.52427184466,4236.31
2017-09-05,0.0693528205885,0.229564053132,1.92975206612,0.895661157025,4376.53
2017-09-06,0.0588311338099,0.255418809474,1.01237113402,0.80206185567,4597.12
2017-09-07,0.0497405602853,0.204986407625,1.66346153846,1.36645299145,4599.88
2017-09-08,0.0555138824902,0.197139045368,2.8110403397,8.56157112527,4228.75
2017-09-09,0.0229178776099,0.228207838246,1.50497017893,0.848906560636,4226.06
2017-09-10,0.0451389158481,0.192674870651,3.30103806228,2.9354094579,4122.94
2017-09-11,0.0448407385166,0.198965692538,1.15631691649,0.58244111349,4161.27
2017-09-12,0.0532599788771,0.218815881465,3.71002132196,2.38059701493,4130.81
2017-09-13,0.0334118300493,0.2429122776,4.40861344538,2.39390756303,3882.59
2017-09-14,0.0633020463029,0.205296343238,1.36987704918,0.879098360656,3154.95
2017-09-15,0.0553660652173,0.199373602465,1.63119834711,0.882231404959,3637.52
2017-09-16,0.0686805513008,0.186758997895,2.21527041357,2.83563096501,3625.04
2017-09-17,0.0656212113586,0.210326524339,1.62646744931,0.910352187834,3582.88
2017-09-18,0.0539099454668,0.212898822567,1.42719486081,0.741970021413,4065.2
2017-09-19,0.0297569220863,0.254826383605,1.7896373057,1.07357512953,3924.97
2017-09-22,0.0606104787013,0.20778058727,1.87875536481,1.46030042918,3630.7
2017-09-23,0.0461250461526,0.207959737257,2.16755602988,2.10992529349,3792.4
2017-09-24,0.0708827975752,0.222781309306,1.36819172113,0.72440087146,3682.84
2017-09-25,0.0523137968535,0.173960122405,1.43312101911,1.46496815287,3926.07
2017-09-26,0.0638291322141,0.244081192323,1.4708994709,1.01904761905,3892.35
2017-09-27,0.0596424996403,0.230949594249,2.26058631922,1.04994571118,4200.67
2017-09-28,0.0971647899509,0.232331583334,0.91500524659,0.390346274921,4174.73
2017-09-30,0.0604103026753,0.184930519273,1.59698275862,0.952586206897,4338.71
2017-10-01,0.062293872745,0.229760032011,2.38894907909,2.28060671723,4403.74
2017-10-02,0.0381089007578,0.191918600703,0.796255506608,0.351321585903,4409.32
2017-10-03,0.0593780043382,0.198356718918,1.25690021231,0.866242038217,4317.48
2017-10-04,0.0747635373512,0.185667622501,2.40752688172,1.48494623656,4229.36
2017-10-05,0.0554403525364,0.208591514521,1.43721973094,0.913677130045,4328.41
2017-10-06,0.0846166369607,0.330370597223,0.5081799591,0.261758691207,4370.81
2017-10-07,0.00557341866816,0.270033344082,2.76695842451,1.61159737418,4426.89
2017-10-08,0.0677770930501,0.230748186446,1.58459869848,1.1431670282,4610.48
2017-10-09,0.0691890760719,0.231957309044,1.01798941799,0.650793650794,4772.02
2017-10-10,0.0726248264921,0.247335670015,1.57294994675,0.61661341853,4781.99
2017-10-11,0.0344964368032,0.248819188519,1.21047120419,1.32460732984,4826.48
2017-10-12,0.0669881681873,0.204259086553,1.0192926045,0.629153269025,5446.91
2017-10-13,0.0822258339906,0.23016590177,1.79916317992,1.05125523013,5647.21
2017-10-14,-0.00291804859868,0.278184395786,5.92565445026,2.8335078534,5831.79
2017-10-15,0.0544982171021,0.197694563848,1.68556149733,1.09732620321,5678.19
2017-10-19,0.0683485538683,0.218327324145,2.82560706402,2.16887417219,5708.52
2017-10-20,0.0625129489927,0.257621928822,0.945378151261,0.553571428571,6011.45
2017-10-21,0.07408046346,0.210264932479,1.14718162839,1.40814196242,6031.6
2017-10-22,0.0699901175853,0.206539387191,1.65222101842,3.41820151679,6008.42
2017-10-23,0.0631299588994,0.199146833687,2.71809100999,3.46947835738,5930.32
2017-10-24,0.0364745930773,0.200103142399,4.3873659118,1.79618593564,5526.64
2017-10-25,0.0780181275802,0.288740495024,1.5127919911,2.18909899889,5750.8
2017-10-26,0.0916463317604,0.242045642002,1.42263279446,0.875288683603,5904.83
2017-10-27,0.0675393156065,0.253226431753,1.78686759957,0.681377825619,5780.9
2017-10-28,0.0823130249119,0.229145035899,1.10668103448,0.816810344828,5753.09
2017-10-30,0.0659631471561,0.213396302394,1.60298826041,0.740661686233,6130.53
2017-10-31,0.0678217564085,0.22605235571,1.64547413793,0.792025862069,6468.4
2017-11-01,0.0515796310708,0.175969889685,2.60855949896,2.55427974948,6767.31
2017-11-02,0.0733667552648,0.257603599138,1.64613778706,1.0751565762,7078.5
2017-11-03,0.0731605223681,0.219485763192,2.29392624729,0.927331887202,7207.76
2017-11-04,0.0623556426213,0.212246143517,1.59829059829,0.911324786325,7379.95
2017-11-05,0.0678241361217,0.218316225656,3.24418604651,1.82135306554,7407.41
2017-11-06,0.0576055518189,0.292235023131,0.790842872008,0.409989594173,7022.76
2017-11-07,0.0867054618543,0.234827652403,1.33122362869,1.05168776371,7144.38
2017-11-08,0.0758557445384,0.281823124714,2.1679144385,0.904812834225,7459.69
2017-11-09,0.09015333508,0.288956757377,1.37861915367,0.909799554566,7143.58
2017-11-10,0.0653769928163,0.231437221941,1.14231738035,0.598236775819,6618.14
2017-11-11,0.0549658286507,0.22096266171,1.60024449878,5.31662591687,6357.6
2017-11-12,0.0703447304978,0.228011502552,1.60027472527,0.916208791209,5950.07
2017-11-13,0.0817361009153,0.236147507914,4.07730673317,1.56733167082,6559.49
2017-11-14,0.0675776617053,0.217480602559,0.984234234234,0.873873873874,6635.75
2017-11-15,0.0627133167706,0.243012642979,1.85201793722,0.734304932735,7315.54
2017-11-16,0.0965844059652,0.231750705214,2.38179800222,1.2064372919,7871.69
2017-11-17,0.0909488943684,0.241313209959,1.714922049,0.75723830735,7708.99
2017-11-18,0.0739863071802,0.26650255385,1.28538283063,1.11368909513,7790.15
2017-11-19,0.082750326922,0.246984244917,6.11349036403,2.95182012848,8036.49
2017-11-20,0.0796865699707,0.248362367028,2.40843507214,1.28745837958,8200.64
2017-11-21,0.0552442557687,0.215130660184,1.99260042283,1.06553911205,8071.26
2017-11-22,0.0847601962072,0.232304881769,2.00797266515,0.851936218679,8253.55
2017-11-23,0.0689487866165,0.239075721231,1.9293598234,1.2417218543,8038.77
2017-11-24,0.0671411387664,0.221575835298,2.26384364821,2.00977198697,8253.69
2017-11-25,0.0824308424022,0.23787901918,2.60765027322,2.18032786885,8790.92
2017-11-26,0.0737609259808,0.241080373237,1.83262260128,0.868869936034,9330.55
2017-11-27,0.13119060078,0.305322667546,3.93110647182,1.38935281837,9818.35
2017-11-28,0.0593411763406,0.244479298329,1.5233441911,1.36264929425,10058.8
2017-11-29,0.0548030012877,0.225970526807,1.82443531828,0.702258726899,9888.61
2017-11-30,0.057440865929,0.244585346709,8.89600840336,4.51050420168,10233.6
2017-12-01,0.0533083718636,0.217243043854,2.32261521972,0.832797427653,10975.6
2017-12-02,0.0640127813131,0.234665412334,1.45532831001,0.814854682454,11074.6
2017-12-03,0.0895373182651,0.25758931569,2.33609958506,0.797717842324,11323.2
2017-12-04,0.0809943729152,0.224580501523,2.26630434783,1.24130434783,11657.2
2017-12-05,0.0660216122249,0.251876315913,1.59361702128,0.558510638298,11916.7
2017-12-07,0.059190680325,0.268979835279,2.57084188912,1.69507186858,17899.7
2017-12-08,0.0575977670569,0.272819602226,2.29123173278,0.72860125261,16569.4
2017-12-09,0.0899414757369,0.297407732642,2.58298319328,1.36344537815,15178.2
2017-12-10,0.0725062367552,0.232075438726,1.94661190965,0.685831622177,15455.4
2017-12-11,0.0573129844531,0.269099924124,2.1532769556,0.492600422833,16936.8
2017-12-12,0.0398950892873,0.277412170588,10.0,2.97308488613,17415.4
2017-12-13,0.0905065792555,0.281798748267,1.56553911205,0.641649048626,16408.2
2017-12-14,0.053299992355,0.26180992866,2.42917103882,1.28751311647,16564.0
2017-12-15,0.0579681309223,0.217998634024,3.30512016719,1.41379310345,17706.9
2017-12-16,0.0632928841165,0.210049070138,3.07773109244,0.886554621849,19497.4
2017-12-17,0.0576608527735,0.22894665686,2.3679245283,1.46855345912,19140.8
2017-12-18,0.0699896343589,0.232552145705,2.43949044586,0.953290870488,19114.2
2017-12-19,0.0545029633222,0.258989649659,2.91036717063,1.17926565875,17523.7
2017-12-20,0.0611999814124,0.261939301043,8.99618805591,10.0,16461.97
2017-12-21,0.103078635314,0.27618832183,1.78970427163,0.589266155531,15632.12
2017-12-22,0.0650604557565,0.266230452038,2.97008547009,0.555555555556,13664.97
2017-12-23,0.059594420806,0.252217509773,2.4126984127,0.549206349206,14396.46
2017-12-24,0.0608950388076,0.247640050598,4.69156883671,1.18996798292,13789.95
2017-12-25,0.0722213243455,0.238889540799,2.23591923486,1.01275239107,13833.49
2017-12-26,0.0585356547425,0.257096387474,2.68279569892,0.929032258065,15756.56
2017-12-27,0.0615633658727,0.241041650276,2.65396825397,1.48888888889,15416.64
2017-12-28,0.0720593263488,0.252360311238,1.64897074756,0.641386782232,14398.7
2017-12-29,0.0744051518007,0.231645671722,2.17405405405,1.10594594595,14392.57
2017-12-30,0.0732635857448,0.231689865515,1.86810810811,0.72972972973,12531.52
2017-12-31,0.0975343685108,0.23042595846,1.49353448276,0.526939655172,13850.4
2018-01-01,0.0587110387355,0.240499647838,2.43193997856,1.25509110397,13444.88
2018-01-02,0.0732030516282,0.263972783099,3.50959488273,1.8933901919,14754.13
2018-01-03,0.0797789216098,0.258901862342,3.4554973822,0.79057591623,15156.62
2018-01-04,0.0733528210995,0.260363472332,2.50539956803,0.61555075594,15180.08
2018-01-05,0.083745930805,0.255679819018,3.160041841,1.38179916318,16954.78
2018-01-06,0.0842219867862,0.252485438903,1.88120950324,0.48596112311,17172.3
2018-01-07,0.0771705636679,0.246060707241,2.74030172414,1.35775862069,16228.16
2018-01-08,0.0624313632684,0.232757091365,1.74734607219,0.848195329087,14976.17
2018-01-09,0.0661946431689,0.227477093302,3.19494204426,0.985247629083,14468.5
2018-01-10,0.0377198869029,0.257560476151,1.51557465091,0.491944146079,14919.49
2018-01-11,0.0786858522337,0.265999145338,4.584375,1.81770833333,13308.06
2018-01-12,0.0627275483704,0.259315961893,3.26927374302,1.08156424581,13841.19
2018-01-13,0.0678889594474,0.251861324954,3.01633986928,1.12309368192,14243.12
2018-01-14,0.0773204378989,0.256918909881,3.33477789816,1.65330444204,13638.63
2018-01-15,0.0833746545819,0.240929700052,2.72369942197,2.2612716763,13631.98
2018-01-16,0.0381072213819,0.228175189563,2.26569037657,0.661087866109,11282.49
2018-01-17,0.0745001717797,0.22805102846,3.58324715615,1.58634953464,11162.7
2018-01-18,0.0621866364033,0.220011211568,3.69829424307,0.818763326226,11175.52
2018-01-19,0.0695212689634,0.251520303461,10.0,1.29224229543,11521.76
2018-01-20,0.0845761868629,0.224032256284,2.6364628821,1.21834061135,12783.94
2018-01-21,0.0691329782138,0.215772241575,2.55347298787,1.10143329658,11549.93
