date,polarity,subjectivity,favorites,retweets,price
2013-04-28,0.136000610586,0.190524789826,0.133810010215,0.401430030644,134.21
2013-04-29,0.105401433039,0.261640805407,0.231930960086,0.280474649407,144.54
2013-04-30,0.121340073081,0.240910041708,0.202010050251,0.453266331658,139.0
2013-05-01,0.075612111006,0.189034659318,0.120448179272,0.25350140056,116.99
2013-05-02,0.0941168786075,0.393494941979,0.1075,0.11625,105.21
2013-05-03,0.140864501374,0.395208491532,0.169146436962,0.27329678935,97.75
2013-05-04,0.145754793863,0.308338322583,0.325872873769,0.457475380483,112.5
2013-05-05,0.16860225326,0.249752656723,0.183569979716,0.42799188641,115.91
2013-05-06,0.135088884881,0.216673066419,0.132768361582,0.435028248588,112.3
2013-05-07,0.114291656682,0.198785250216,0.178765880218,0.329401088929,111.5
2013-05-08,0.109041428079,0.236197432744,0.246363636364,0.309090909091,113.57
2013-05-09,0.119343658972,0.285799142022,0.261040235525,0.541707556428,112.67
2013-05-10,0.0882329422074,0.251910289199,0.24082784572,0.420507996237,117.2
2013-05-11,0.0577723626181,0.277191101297,0.228354978355,0.393939393939,115.24
2013-05-12,0.0735387985668,0.252181406238,0.172977624785,0.471600688468,115.0
2013-05-13,0.110138908122,0.265038099652,0.241343126967,0.423924449108,117.98
2013-05-14,0.011770445052,0.297499737981,0.12,0.4,111.5
2013-05-15,0.0913809429922,0.205311270846,0.140641158221,0.502585315408,114.22
2013-05-16,0.096185295619,0.189588966683,0.226530612245,0.383673469388,118.76
2013-05-17,0.0902039118144,0.210866201693,0.155370177268,0.428571428571,123.02
2013-05-18,0.067775589104,0.197874474037,0.225280326198,0.784913353721,123.5
2013-05-19,0.0952042675295,0.222753130798,0.284693877551,0.515306122449,121.99
2013-05-20,0.118724638989,0.225102440878,0.232365145228,0.563278008299,122.0
2013-05-21,0.113702688518,0.244121030579,0.262512768131,0.475995914198,122.88
2013-05-22,0.12235878505,0.240138949447,0.446043165468,0.552929085303,123.89
2013-05-23,0.14936184012,0.285615797267,0.299277605779,0.481940144479,126.7
2013-05-24,0.154671284928,0.236871351461,0.286147623862,0.488372093023,133.2
2013-05-25,0.158449699571,0.265418586357,0.282586027112,0.627737226277,131.98
2013-05-26,0.147503424783,0.264029347573,0.2659137577,0.567761806982,133.48
2013-05-27,0.116024274027,0.213567913088,0.307926829268,0.539634146341,129.75
2013-05-28,-0.0754849904603,0.29401775734,0.208502024291,0.246963562753,129.0
2013-05-29,0.139885874773,0.260532943884,0.298461538462,0.445128205128,132.3
2013-05-30,0.114410934543,0.22436261931,0.229423868313,0.586419753086,128.8
2013-05-31,0.104886336084,0.229680971043,0.121181262729,0.502036659878,129.0
2013-06-01,0.0993359305566,0.264495647304,0.15306122449,0.542857142857,129.3
2013-06-02,0.133656334129,0.240280187688,0.176530612245,0.710204081633,122.29
2013-06-03,0.142956051641,0.300954810669,0.125128205128,0.373333333333,122.22
2013-06-04,0.10634122561,0.251883017701,0.135245901639,0.482581967213,121.42
2013-06-05,0.102944737599,0.262137563149,0.16,0.52,121.65
2013-06-06,0.102253840135,0.27489189047,0.0828220858896,0.385480572597,118.0
2013-06-07,0.135140833284,0.311230877239,0.137154554759,0.374616171955,111.5
2013-06-08,0.135554669154,0.326313012902,0.208032955716,0.532440782698,108.3
2013-06-09,0.154098603631,0.280190133093,0.131230925738,0.356052899288,100.0
2013-06-10,0.12939299189,0.243417729056,0.118781725888,0.392893401015,106.35
2013-06-11,0.115564388406,0.284353329367,0.175456389452,0.351926977688,108.9
2013-06-12,0.068903200627,0.275410834293,0.126262626263,0.459595959596,108.15
2013-06-13,0.0681704687,0.259543185988,0.197242841994,0.627783669141,104.0
2013-06-14,0.091092862707,0.272176975236,0.148979591837,0.516326530612,99.98
2013-06-15,0.0728837505522,0.307677791122,0.208986415883,0.691745036573,99.99
2013-06-16,0.0640133291712,0.272512174379,0.247379454927,0.753668763103,99.51
2013-06-17,0.0887171647963,0.25202465619,0.17677286742,0.550873586845,101.7
2013-06-18,0.102409633232,0.234080249943,0.23595505618,0.539325842697,107.4
2013-06-19,0.122898494602,0.260774603028,0.337067209776,0.468431771894,108.25
2013-06-20,0.0430315283305,0.217325178444,0.134146341463,0.388211382114,110.15
2013-06-21,0.0820664364771,0.238709856702,0.149694501018,0.520366598778,109.5
2013-06-22,0.060871456089,0.231828243942,0.125643666323,0.509783728115,108.3
2013-06-23,0.0448024345183,0.140720535077,0.222222222222,0.711111111111,107.6
2013-06-24,0.0241383904741,0.180417908274,0.151422764228,0.712398373984,102.74
2013-06-25,0.049357046158,0.210933245745,0.145748987854,0.611336032389,103.95
2013-06-26,0.123308869209,0.208223786469,0.159390862944,0.535025380711,104.0
2013-06-27,0.0757344612178,0.220308490275,0.117948717949,1.03384615385,101.44
2013-06-28,0.087096733382,0.280986891749,0.152977412731,0.749486652977,94.65
2013-06-29,0.0713898333844,0.283409953694,0.122807017544,0.842105263158,94.99
2013-06-30,0.0523482199824,0.23108201083,0.116374871267,1.00823892894,96.61
2013-07-01,0.0407108260916,0.179536353107,0.317492416582,0.834175935288,88.05
2013-07-02,0.148993226557,0.300774095781,0.185641025641,0.462564102564,90.13
2013-07-03,0.0677342396487,0.240977394097,0.162357807653,0.722854188211,77.53
2013-07-04,0.0558623935712,0.217371166466,0.210580912863,1.04771784232,80.53
2013-07-05,0.0891153268953,0.252612844933,0.171282051282,0.973333333333,68.43
2013-07-06,0.0738882419111,0.270065814386,0.181911613566,1.15827338129,70.28
2013-07-07,0.0582572459091,0.210853180821,0.203722854188,1.13340227508,74.56
2013-07-08,0.0950075579513,0.272698748782,0.202051282051,0.965128205128,76.52
2013-07-09,0.0779609896616,0.254583251377,0.231088082902,0.956476683938,76.69
2013-07-10,0.102648462435,0.274553659124,0.128966223132,0.775844421699,86.76
2013-07-11,0.0775188741206,0.288332002124,0.190621814475,0.758409785933,88.98
2013-07-12,0.108238344953,0.289392728497,0.248205128205,0.862564102564,93.59
2013-07-13,0.0673984361237,0.236749571825,0.215020576132,0.994855967078,98.13
2013-07-14,0.0623389859196,0.249749265081,0.249734325186,1.55154091392,94.69
2013-07-15,0.0804514342619,0.222889681268,0.2435500516,1.11661506708,98.4
2013-07-16,0.101357978552,0.225067476631,0.169578622816,0.891058581706,97.45
2013-07-17,0.063262257249,0.240381666327,0.28167539267,1.07748691099,98.5
2013-07-18,0.0681402079524,0.232702971871,0.241200828157,1.16873706004,90.58
2013-07-19,0.10689385065,0.277565100271,0.208375893769,0.981613891726,92.17
2013-07-20,0.077374536919,0.298254360806,0.219008264463,1.13016528926,89.39
2013-07-21,0.0992315583031,0.379607362911,0.173219978746,1.28267800213,90.76
2013-07-22,0.0938744939885,0.277242855714,0.179303278689,0.941598360656,91.61
2013-07-23,-0.0223141843882,0.368878406733,0.131845841785,0.555780933063,95.56
2013-07-24,0.0462940508566,0.27743518663,0.170833333333,0.935416666667,94.51
2013-07-25,0.0808225487519,0.271913122597,0.194184839045,0.934579439252,96.9
2013-07-26,0.0895083726805,0.283304427295,0.200832466181,0.73361082206,96.02
2013-07-27,0.0845895021268,0.290305614989,0.182008368201,0.703974895397,94.12
2013-07-28,0.0942472295088,0.289561827417,0.21600877193,0.696271929825,99.76
2013-07-29,0.0186935499308,0.213103976475,0.235714285714,0.676530612245,101.2
2013-07-30,0.0727697005963,0.264280429833,0.110998990918,0.533804238143,107.99
2013-07-31,0.0838526216914,0.257800120827,0.165987780041,0.561099796334,106.09
2013-08-01,0.076895706874,0.285738360944,0.30572597137,0.677914110429,104.0
2013-08-02,0.060993996519,0.267428105193,0.633714880333,0.946930280957,104.5
2013-08-03,0.0624141319288,0.245328829083,0.282631038027,0.806783144913,104.0
2013-08-04,0.0971975051075,0.316752779245,0.187898089172,0.697452229299,105.14
2013-08-05,0.101658770021,0.289878762244,0.220391349125,0.695159629248,106.22
2013-08-06,0.0949604663429,0.355275189095,0.172304439746,0.62156448203,106.75
2013-08-07,0.0749630694562,0.209222005343,0.245148110317,0.67722165475,106.75
2013-08-08,0.109943620861,0.290814875861,0.260780287474,0.808008213552,103.0
2013-08-09,0.0952311093722,0.254774220146,0.231656184486,0.684486373166,102.8
2013-08-10,0.117747883855,0.311481710322,0.143003064351,0.625127681307,103.0
2013-08-11,-0.0628657664121,0.326847168976,0.100102145046,0.390194075587,105.0
2013-08-12,0.0376638383889,0.271284885525,0.131687242798,0.519547325103,106.64
2013-08-13,0.0243529560305,0.308862255167,0.101729399797,0.477110885046,109.0
2013-08-14,0.120741126403,0.293980230977,0.165983606557,0.585040983607,112.56
2013-08-15,0.082661891484,0.277874863475,0.145045965271,0.537282941777,109.99
2013-08-16,0.0797244364491,0.251875325241,0.171954964176,0.502558853634,108.99
2013-08-17,0.0201386610001,0.26501965379,0.140206185567,0.661855670103,113.5
2013-08-18,0.0779836640825,0.267516265056,0.202040816327,0.723469387755,113.5
2013-08-19,0.0566587621819,0.179207142064,0.172877846791,0.557971014493,119.0
2013-08-20,0.0674962119948,0.231196645489,0.197686645636,0.622502628812,121.2
2013-08-21,0.0629209184871,0.184363999431,0.314401622718,0.674442190669,123.3
2013-08-22,0.0727973428611,0.247599850811,0.195071868583,0.737166324435,121.15
2013-08-23,0.102663658498,0.241655764727,0.199383350462,0.790339157246,118.5
2013-08-24,0.074211695932,0.224240047578,0.184426229508,0.8125,120.05
2013-08-25,0.0695574310141,0.211561142167,0.171339563863,0.765316718588,122.11
2013-08-26,0.0605829627971,0.157086432772,0.186477644493,0.635768811341,120.06
2013-08-27,0.0952089971396,0.255273787148,0.227038183695,0.768833849329,126.5
2013-08-28,0.0713959602952,0.218675393873,0.235721703011,1.07372793354,122.62
2013-08-29,0.0851987398949,0.241063540633,0.25282631038,0.79753340185,122.39
2013-08-30,0.0758310641078,0.250448629271,0.188775510204,0.844897959184,133.49
2013-08-31,0.120872038699,0.291589956274,0.269467213115,0.912909836066,135.35
2013-09-01,0.137286771617,0.340417839528,0.21568627451,0.760577915377,138.34
2013-09-02,0.0792265097327,0.231634307132,0.233193277311,0.919117647059,135.85
2013-09-03,0.0804172047597,0.269592331104,0.199178644764,0.800821355236,136.77
2013-09-04,0.0860137978308,0.292387440939,0.159541188738,0.73409801877,126.74
2013-09-05,0.0613166619195,0.239308722091,0.125385405961,0.687564234327,126.43
2013-09-06,0.070830785337,0.271909620967,0.205761316872,0.710905349794,119.15
2013-09-07,0.0789792458186,0.287826732134,0.15611814346,0.776371308017,124.15
2013-09-08,0.0702168206966,0.258970675187,0.137966804979,0.68153526971,121.66
2013-09-09,0.127601135749,0.289400889215,0.123839009288,0.597523219814,127.11
2013-09-10,0.0952687386337,0.330687284486,0.153611393693,0.476093591048,125.91
2013-09-11,0.082591284715,0.264793746736,0.189161554192,0.609406952965,135.25
2013-09-12,0.0865341882475,0.319383863112,0.217118997912,0.739039665971,133.13
2013-09-13,0.0734681991595,0.304902076909,0.26,0.876842105263,134.98
2013-09-14,0.0705181446158,0.277114791892,0.221875,0.909375,129.22
2013-09-15,0.0930763428996,0.273577975652,0.212407991588,0.796004206099,130.37
2013-09-16,0.0845999384533,0.257563031627,0.206465067779,0.694473409802,131.72
2013-09-17,0.0642797337018,0.214524495693,0.212371134021,0.551546391753,131.66
2013-09-18,0.0810754398083,0.242954419266,0.121399176955,0.625514403292,131.47
2013-09-19,0.0893418717851,0.319616690772,0.140786749482,0.503105590062,129.65
2013-09-20,0.0960447536756,0.253310738563,0.214659685864,0.690052356021,127.04
2013-09-21,0.0979408568892,0.306554258429,0.171038824764,0.686253934942,127.43
2013-09-22,0.0783927974576,0.251829859399,0.211076280042,0.829676071055,129.12
2013-09-23,0.127013090904,0.254672545949,0.192796610169,0.735169491525,125.95
2013-09-24,0.0952734033969,0.258713672401,0.184952978056,0.754440961338,127.25
2013-09-25,0.0775013476483,0.247316621308,0.167875647668,0.588601036269,128.22
2013-09-26,0.10028608392,0.311921959174,0.216441207076,0.530697190427,128.38
2013-09-27,0.0898930639556,0.271616684742,0.204781704782,0.64656964657,133.78
2013-09-28,0.115429079466,0.285521042185,0.269435569755,0.973375931842,134.78
2013-09-29,0.0943181323611,0.264505981925,0.148777895855,0.585547290117,137.34
2013-09-30,0.0902940529503,0.240896071209,0.182952182952,0.774428274428,133.0
2013-10-01,0.102301018147,0.241639484546,0.211416490486,0.862579281184,132.18
2013-10-02,0.0113434167752,0.264957448081,0.248478701826,0.546653144016,114.13
2013-10-03,0.0494598683842,0.205424326481,0.191794871795,0.429743589744,123.63
2013-10-04,0.100238728836,0.366982037332,0.180612244898,0.509183673469,129.01
2013-10-05,0.0734398957619,0.186110683583,0.171106557377,0.364754098361,128.55
2013-10-06,0.0777305372631,0.255678497065,0.252326783868,0.625646328852,129.0
2013-10-07,0.0651938323639,0.22715691371,0.212215320911,0.514492753623,126.94
2013-10-08,0.0788711604512,0.278044984818,0.189583333333,0.711458333333,126.0
2013-10-09,0.0707184117748,0.230895891349,0.181628392484,0.402922755741,130.69
2013-10-10,0.0555637737323,0.253352385783,0.19792746114,0.492227979275,130.59
2013-10-11,0.075265718229,0.428586512337,0.160083160083,0.39604989605,130.9
2013-10-12,0.0714121453368,0.25495071021,0.192546583851,0.502070393375,135.19
2013-10-13,0.0873691902709,0.250580782488,0.192468619247,0.491631799163,138.13
2013-10-14,0.0742114454133,0.228267356059,0.151452282158,0.485477178423,140.52
2013-10-15,0.0440487823934,0.339660435866,0.168356997972,0.269776876268,145.24
2013-10-16,0.0482020048657,0.201488841451,0.205422314911,0.361835245047,142.55
2013-10-17,0.0502780470618,0.213254119508,0.255741127349,0.387265135699,146.25
2013-10-18,0.0856432157523,0.254922716317,0.182291666667,0.29375,155.96
2013-10-19,0.0766238293027,0.266337864463,0.293989071038,0.261202185792,172.42
2013-10-20,0.0566992998444,0.207393355118,0.246808510638,0.282978723404,174.61
2013-10-21,0.0649654962618,0.262237581272,0.246105919003,0.242990654206,182.21
2013-10-22,0.0731566806805,0.243832716167,0.331932773109,0.341386554622,193.76
2013-10-23,0.0675074341715,0.255552369965,0.243827160494,0.398148148148,213.62
2013-10-24,0.0716410256908,0.244955289471,0.233402489627,0.257261410788,198.23
2013-10-25,0.0829319340868,0.194204707248,0.116333725029,0.206815511163,186.69
2013-10-26,0.0905644337559,0.243672319915,0.142709410548,0.189245087901,177.32
2013-10-27,0.0781937420139,0.242896535596,0.18018967334,0.255005268704,196.44
2013-10-28,0.113622432331,0.286506060754,0.300921187308,0.463664278403,198.55
2013-10-29,0.12200563105,0.174211207875,0.237461617195,0.431934493347,204.39
2013-10-30,0.146814057314,0.237858477795,0.17683557394,0.313340227508,199.97
2013-10-31,0.0860452572498,0.224371981742,0.382513661202,0.416393442623,204.0
2013-11-01,0.070659769913,0.23724293924,0.283769633508,0.241884816754,206.18
2013-11-02,0.0836360511028,0.212729738927,0.675760755509,0.537250786988,206.22
2013-11-03,0.0712097397106,0.205475296733,0.261652542373,0.25,215.05
2013-11-04,0.0448680908381,0.221093119398,0.377615062762,0.509414225941,229.1
2013-11-05,0.0323608244788,0.324452076882,0.230612244898,0.335714285714,245.24
2013-11-06,0.0503723807866,0.281446004232,0.272633744856,0.359053497942,262.5
2013-11-07,0.0367107772592,0.269132169404,0.220820189274,0.405888538381,296.41
2013-11-08,0.0401472029034,0.194856581402,0.219262295082,0.421106557377,338.11
2013-11-09,0.0463639076788,0.236715076431,0.422314911366,0.581856100104,339.11
2013-11-10,0.0721655172417,0.273401754158,0.48152173913,0.603260869565,326.62
2013-11-11,0.0650847942444,0.242211976656,0.162765957447,0.324468085106,342.44
2013-11-13,0.0846080653991,0.231376886104,0.340602284528,0.393561786085,407.37
2013-11-14,0.0649302143523,0.26098014156,0.338929695698,0.511017838405,420.2
2013-11-15,0.0787369303703,0.236214199407,0.189926547744,0.286463798531,417.95
2013-11-16,0.106293753619,0.23547619997,0.389473684211,0.333684210526,440.22
2013-11-17,0.0811166869675,0.235697951901,0.23640167364,0.418410041841,492.11
2013-11-18,0.0677505002707,0.233422842072,0.306910569106,0.503048780488,703.56
2013-11-19,0.0358519971796,0.220359446632,0.255340793489,0.762970498474,584.61
2013-11-20,0.037840933229,0.231407032668,0.211716341213,0.918807810894,590.83
2013-11-21,0.0456830150407,0.201607312972,0.254963427377,0.386624869383,722.43
2013-11-22,0.0794783549153,0.228176320583,0.329140461216,0.441299790356,771.44
2013-11-23,0.0724363288294,0.215399380188,0.264403292181,0.430041152263,797.82
2013-11-24,0.0851203868113,0.22586468833,0.535300316122,1.25605900948,774.25
2013-11-25,0.0533864544701,0.201036857869,0.209825997953,0.425793244626,799.11
2013-11-26,0.0601843179909,0.213190348249,0.235354573484,0.275436793422,928.1
2013-11-27,0.0928932212539,0.221804189299,0.308943089431,0.310975609756,1001.96
2013-11-28,0.0717585856588,0.212505054199,0.193054136874,0.284984678243,1031.95
2013-11-29,0.0488588547233,0.159073056954,0.225540679712,0.354273944387,1131.97
2013-11-30,0.0513295506716,0.281947124705,0.345225603358,0.390346274921,1129.43
2013-12-01,0.0714646554957,0.248557774917,0.355397148676,0.438900203666,955.85
2013-12-02,0.0682653000796,0.264534905261,0.490134994808,0.709241952233,1043.33
2013-12-03,0.081957972583,0.241849576952,0.257352941176,0.441176470588,1078.28
2013-12-04,0.0615491065391,0.222647515761,0.624098867147,0.56745623069,1151.17
2013-12-05,0.0520651496222,0.169284158026,0.209397344229,0.257405515832,1045.11
2013-12-06,0.0661864398675,0.221703499341,0.260103626943,0.309844559585,829.45
2013-12-07,0.0661527491713,0.211568098519,0.749206349206,0.47619047619,698.23
2013-12-08,0.0361107148716,0.176039933256,0.347962382445,0.467084639498,795.87
2013-12-09,0.0693595834438,0.242449879014,0.648979591837,0.440816326531,893.19
2013-12-10,0.0853454916164,0.246041750316,0.779835390947,0.353909465021,988.51
2013-12-11,0.0712591418932,0.193581850867,0.375514403292,0.416666666667,878.48
2013-12-12,0.126973564701,0.328094737568,1.91264131552,2.63001027749,873.26
2013-12-13,0.0449325153893,0.235614118362,0.463692946058,0.25,892.58
2013-12-14,0.0497700603192,0.183970350203,0.305208333333,0.222916666667,872.6
2016-12-31,0.10461266539,0.217097405141,0.762908324552,0.547945205479,963.74
2017-01-01,0.0997026050078,0.227451257236,1.88505747126,1.04388714734,998.33
2017-01-02,0.0808292208557,0.210951722956,0.944856839873,0.479321314952,1021.75
2017-02-28,0.0720076494493,0.251969692226,2.18974358974,0.78358974359,1179.97
2017-03-01,0.0684913032462,0.23446282846,0.813664596273,0.475155279503,1222.5
2017-03-02,0.0832920069156,0.223169445836,0.422314911366,0.343065693431,1251.01
2017-03-03,0.0617122290396,0.221630637598,0.891946992864,2.00203873598,1274.99
2017-03-04,0.0552117847007,0.213613635734,0.512041884817,0.386387434555,1255.15
2017-03-05,0.0927088694485,0.243682602969,0.709779179811,0.768664563617,1267.12
2017-03-06,0.0620162475661,0.241226042427,0.44750795334,0.413573700954,1272.83
2017-03-07,0.0304528365748,0.237109085534,0.695697796432,0.654774396642,1223.54
2017-03-08,0.0254043687902,0.186263284671,0.823958333333,0.697916666667,1150.0
2017-03-09,0.0602501702577,0.241661577068,0.525720164609,0.670781893004,1188.49
2017-03-10,0.0128785682433,0.297366182994,1.97227926078,4.36550308008,1116.72
2017-03-11,0.0459972613433,0.267094508237,0.732365145228,0.569502074689,1175.83
2017-03-12,0.0569406817995,0.216015984543,0.79792746114,0.624870466321,1221.38
2017-03-13,0.0780719722837,0.245034235954,0.492130115425,0.643231899265,1231.92
2017-03-14,0.0810490296717,0.254776455767,1.44250513347,0.833675564682,1240.0
2017-03-15,0.049343824207,0.22354119516,0.829473684211,5.71894736842,1249.61
2017-03-16,0.0990900326915,0.242917321299,0.796469366563,0.386292834891,1187.81
2017-03-17,0.047357457429,0.243432328315,1.31134020619,1.17628865979,1100.23
2017-03-18,0.054865907508,0.221707340238,1.14464099896,0.657648283039,973.82
2017-03-19,0.0315376810904,0.260499789004,0.714993804213,0.438661710037,1036.74
2017-03-20,0.0477175931683,0.268575982742,1.08169596691,1.16235780765,1054.23
2017-03-21,-0.00786542003278,0.28251217111,1.09968847352,0.655244029076,1120.54
2017-03-22,0.0593462399597,0.215071394337,0.525510204082,0.423469387755,1049.14
2017-03-23,0.0813426917316,0.255869585472,0.996798292423,0.607257203842,1038.59
2017-03-24,0.0556389203848,0.231528052989,1.30515463918,0.738144329897,937.52
2017-06-01,0.0976310534783,0.244524360396,0.987654320988,0.927825261159,2407.88
2017-06-02,0.101531954293,0.216898740014,1.68030139935,1.24650161464,2488.55
2017-06-03,0.0558995839838,0.22326886486,2.2625698324,1.64618249534,2515.35
2017-06-04,0.052061810888,0.191258177939,1.05917159763,4.35976331361,2511.81
2017-06-05,0.0690441698769,0.183877553831,1.88786127168,2.91098265896,2686.81
2017-06-06,0.0779324175604,0.264108216519,1.51526251526,1.30158730159,2863.2
2017-06-07,0.0758216576547,0.220865907589,1.87616099071,1.06811145511,2732.16
2017-06-08,0.050610063529,0.192627452891,1.73988970588,1.13970588235,2805.62
2017-06-09,0.0696496310713,0.234043758114,1.33225806452,1.13870967742,2823.81
2017-06-10,0.10925196998,0.238157420268,1.18502673797,0.873796791444,2947.71
2017-06-11,0.0620373527097,0.190254049021,2.64598930481,1.87807486631,2958.11
2017-06-12,0.0639130060526,0.20439405764,4.26,1.77111111111,2659.63
2017-06-13,0.0670619434954,0.203108927132,2.0583501006,1.66800804829,2717.02
2017-06-14,0.067249351508,0.20763457685,5.13774403471,1.68763557484,2506.37
2017-06-15,0.0614607186789,0.255965045433,1.81504702194,0.849529780564,2464.58
2017-06-16,0.0551725691361,0.224391464503,2.37435897436,2.15641025641,2518.56
2017-06-17,0.0683311513805,0.220189644448,1.82450674974,1.83592938733,2655.88
2017-06-18,0.0788481890574,0.212334493675,1.53668341709,1.12060301508,2548.29
2017-06-19,0.0416799206591,0.217683491138,0.75429326288,0.529722589168,2589.6
2017-06-20,0.0557758172599,0.171593470636,1.2348565356,0.757704569607,2721.79
2017-06-21,0.0584127675523,0.208280598364,2.55617977528,2.38014981273,2689.1
2017-06-22,0.0520640915739,0.189698417514,1.36545682103,0.948685857322,2705.41
2017-06-23,0.0618067515884,0.191804470643,2.03278688525,1.4606557377,2744.91
2017-06-24,0.0614459332662,0.200548601456,1.06229860365,0.66380236305,2608.72
2017-06-25,0.0600913809737,0.205760520455,3.71561530507,0.767321613237,2589.41
2017-06-26,0.0465810711077,0.21219603865,1.81805929919,1.5539083558,2478.45
2017-06-27,0.0306443300839,0.194271892284,2.05623721881,1.93865030675,2552.45
2017-06-28,0.0645206023421,0.290363008201,2.33949191686,3.1974595843,2574.79
2017-06-29,0.0553109431014,0.194796014938,1.33885819521,4.83425414365,2539.32
2017-06-30,0.0630241337401,0.265520698898,1.17451205511,0.701492537313,2480.84
2017-07-01,0.00822670404206,0.299281407114,0.732831608655,0.588899341486,2434.55
2017-07-02,0.0637245732762,0.26775993969,1.33751119069,0.752014324082,2506.47
2017-07-03,0.0616266104338,0.264796107423,1.5325,1.07125,2564.06
2017-07-04,0.0587599224183,0.249527029729,1.88361581921,0.988700564972,2601.64
2017-07-05,0.0511446063806,0.174227813029,2.35616438356,2.96347031963,2601.99
2017-07-06,0.0668680605129,0.265296279394,1.25493421053,1.19161184211,2608.56
2017-07-07,0.075836990478,0.216497991837,1.71668667467,4.424969988,2518.66
2017-07-08,0.0616552513353,0.198407933823,0.895437262357,0.678707224335,2571.34
2017-07-09,0.0502381996976,0.216927621623,1.41876892028,0.934409687185,2518.44
2017-07-10,0.0592004035,0.228831398968,0.985835694051,0.648725212465,2372.56
2017-07-11,0.0383631806481,0.193334817755,1.06783144913,0.678314491264,2337.79
2017-07-13,0.0701871683414,0.227597152525,1.61228230981,1.42071494042,2357.9
2017-07-14,0.0511267158914,0.18766097668,7.69080234834,5.18590998043,2233.34
2017-07-15,0.0537029223416,0.180206646667,1.46900584795,0.479532163743,1998.86
2017-07-16,0.108735358249,0.249712691992,0.975294117647,0.754117647059,1929.82
2017-07-17,0.0581944407618,0.204697039442,0.829,0.653,2228.41
2017-07-18,0.0357119423805,0.243883572001,1.17347956132,0.594217347956,2318.88
2017-07-19,0.0640153130576,0.206007698547,1.36747624076,0.733896515312,2273.43
2017-07-20,0.0597671746645,0.220027518225,1.00796812749,0.678618857902,2817.6
2017-07-21,0.0436441250897,0.214916109047,3.60794297352,1.68940936864,2667.76
2017-07-22,0.0737878656355,0.216765473307,0.725340136054,0.385204081633,2810.12
2017-07-23,0.0483656202725,0.20335250692,0.845982142857,0.434151785714,2730.4
2017-07-24,0.0443187878135,0.207668529329,1.67550505051,1.48106060606,2754.86
2017-07-25,0.0780126667848,0.235997098119,3.58598726115,5.66560509554,2576.48
2017-07-26,0.0365663999934,0.209471485934,0.861855670103,0.49587628866,2529.45
2017-07-27,0.0402889094689,0.212662683062,3.0414893617,3.17553191489,2671.78
2017-07-28,0.0245986161015,0.228457202876,0.924008810573,0.439427312775,2809.01
2017-07-29,0.047968854904,0.238303963411,1.99140708915,1.05585392052,2726.45
2017-07-30,0.0651245394994,0.228272576826,1.02753195674,0.785644051131,2757.18
2017-07-31,0.0638452703627,0.216514132993,0.917981072555,0.477917981073,2875.34
2017-08-01,0.038017106998,0.152262749557,6.18411967779,6.9413118527,2718.26
2017-08-02,0.0326861295322,0.232590489781,1.45442708333,0.850260416667,2710.67
2017-08-03,0.0629434471978,0.192106909406,10.0,10.0,2804.73
2017-08-04,0.0409857748554,0.218576865797,1.06020942408,1.09293193717,2895.89
2017-08-05,0.0623672173197,0.212633308158,1.66992665037,1.29706601467,3252.91
2017-08-06,0.0732645038687,0.224264404171,10.0,10.0,3213.94
2017-08-07,0.0746378902583,0.250030763433,5.69209431345,2.56310679612,3378.94
2017-08-08,0.0764711157173,0.204676862025,1.21540178571,0.597098214286,3419.94
2017-08-09,0.0379380805257,0.239463762632,1.07624633431,1.2981427175,3342.47
2017-08-10,0.0688422112975,0.224317799306,0.96,0.637894736842,3381.28
2017-08-11,0.0668746539417,0.22880005447,1.97505938242,2.48693586698,3650.62
2017-08-12,0.077141747215,0.23392988392,2.73586744639,2.24756335283,3884.71
2017-08-13,0.0638197591099,0.220820306237,2.60561660562,6.75702075702,4073.26
2017-08-14,0.0401396221807,0.228698460369,1.73291272345,1.12513144059,4325.13
2017-08-15,0.0708876969267,0.216780122191,2.33815925543,1.3360910031,4181.93
2017-08-16,0.077303820304,0.211178285979,1.47324239244,1.03567681007,4376.63
2017-08-17,0.0700499930709,0.228304849005,3.50810810811,2.7827027027,4331.69
2017-08-18,0.0693560059767,0.242767842724,1.78672470076,1.69749727965,4160.62
2017-08-19,0.0673129359067,0.240330965158,2.43905472637,1.76616915423,4193.7
2017-08-20,0.055856639726,0.184186786258,5.08150470219,5.62382445141,4087.66
2017-08-21,0.0441438792519,0.223370428591,2.98868778281,2.54977375566,4001.74
2017-08-22,0.0484661916363,0.193686389059,6.66004672897,1.19392523364,4100.52
2017-08-23,0.0773955324659,0.213682619247,1.06659505908,0.689581095596,4151.52
2017-08-24,0.0644655637472,0.214830706211,2.09090909091,2.19480519481,4334.68
2017-08-25,0.0528325136632,0.201262904316,3.11316648531,1.41240478781,4371.6
2017-08-26,0.0646389304699,0.246711331744,3.22391304348,1.63152173913,4352.4
2017-08-27,0.0365042502102,0.244298901577,1.73932092004,0.959474260679,4382.88
2017-08-28,0.0591023913045,0.231638938514,1.43347193347,0.849272349272,4382.66
2017-08-29,0.0449009367753,0.218861373951,3.34288990826,5.86697247706,4579.02
2017-08-30,0.0666824703931,0.237522855374,2.33865814696,2.00425985091,4565.3
2017-08-31,0.0626690112737,0.233895541775,1.83492063492,1.8962962963,4703.39
2017-09-01,0.0670460551701,0.257249491878,1.6178343949,1.3991507431,4892.01
2017-09-02,0.0725002868742,0.243467946736,1.96153846154,1.6032967033,4578.77
2017-09-03,0.0821648169416,0.218832103968,5.72446808511,10.0,4582.96
2017-09-04,0.0548397941991,0.208794373851,4.2740021575,1.52427184466,4236.31
2017-09-05,0.0693528205885,0.229564053132,1.92975206612,0.895661157025,4376.53
2017-09-06,0.0588311338099,0.255418809474,1.01237113402,0.80206185567,4597.12
2017-09-07,0.0497405602853,0.204986407625,1.66346153846,1.36645299145,4599.88
2017-09-08,0.0555138824902,0.197139045368,2.8110403397,8.56157112527,4228.75
2017-09-09,0.0229178776099,0.228207838246,1.50497017893,0.848906560636,4226.06
2017-09-10,0.0451389158481,0.192674870651,3.30103806228,2.9354094579,4122.94
2017-09-11,0.0448407385166,0.198965692538,1.15631691649,0.58244111349,4161.27
2017-09-12,0.0532599788771,0.218815881465,3.71002132196,2.38059701493,4130.81
2017-09-13,0.0334118300493,0.2429122776,4.40861344538,2.39390756303,3882.59
2017-09-14,0.0633020463029,0.205296343238,1.36987704918,0.879098360656,3154.95
2017-09-15,0.0553660652173,0.199373602465,1.63119834711,0.882231404959,3637.52
2017-09-16,0.0686805513008,0.186758997895,2.21527041357,2.83563096501,3625.04
2017-09-17,0.0656212113586,0.210326524339,1.62646744931,0.910352187834,3582.88
2017-09-18,0.0539099454668,0.212898822567,1.42719486081,0.741970021413,4065.2
2017-09-19,0.0297569220863,0.254826383605,1.7896373057,1.07357512953,3924.97
2017-09-22,0.0606104787013,0.20778058727,1.87875536481,1.46030042918,3630.7
2017-09-23,0.0461250461526,0.207959737257,2.16755602988,2.10992529349,3792.4
2017-09-24,0.0708827975752,0.222781309306,1.36819172113,0.72440087146,3682.84
2017-09-25,0.0523137968535,0.173960122405,1.43312101911,1.46496815287,3926.07
2017-09-26,0.0638291322141,0.244081192323,1.4708994709,1.01904761905,3892.35
2017-09-27,0.0596424996403,0.230949594249,2.26058631922,1.04994571118,4200.67
2017-09-28,0.0971647899509,0.232331583334,0.91500524659,0.390346274921,4174.73
2017-09-30,0.0604103026753,0.184930519273,1.59698275862,0.952586206897,4338.71
2017-10-01,0.062293872745,0.229760032011,2.38894907909,2.28060671723,4403.74
2017-10-02,0.0381089007578,0.191918600703,0.796255506608,0.351321585903,4409.32
2017-10-03,0.0593780043382,0.198356718918,1.25690021231,0.866242038217,4317.48
2017-10-04,0.0747635373512,0.185667622501,2.40752688172,1.48494623656,4229.36
2017-10-05,0.0554403525364,0.208591514521,1.43721973094,0.913677130045,4328.41
2017-10-06,0.0846166369607,0.330370597223,0.5081799591,0.261758691207,4370.81
2017-10-07,0.00557341866816,0.270033344082,2.76695842451,1.61159737418,4426.89
2017-10-08,0.0677770930501,0.230748186446,1.58459869848,1.1431670282,4610.48
2017-10-09,0.0691890760719,0.231957309044,1.01798941799,0.650793650794,4772.02
2017-10-10,0.0726248264921,0.247335670015,1.57294994675,0.61661341853,4781.99
2017-10-11,0.0344964368032,0.248819188519,1.21047120419,1.32460732984,4826.48
2017-10-12,0.0669881681873,0.204259086553,1.0192926045,0.629153269025,5446.91
2017-10-13,0.0822258339906,0.23016590177,1.79916317992,1.05125523013,5647.21
2017-10-14,-0.00291804859868,0.278184395786,5.92565445026,2.8335078534,5831.79
2017-10-15,0.0544982171021,0.197694563848,1.68556149733,1.09732620321,5678.19
2017-10-19,0.0683485538683,0.218327324145,2.82560706402,2.16887417219,5708.52
2017-10-20,0.0625129489927,0.257621928822,0.945378151261,0.553571428571,6011.45
2017-10-21,0.07408046346,0.210264932479,1.14718162839,1.40814196242,6031.6
2017-10-22,0.0699901175853,0.206539387191,1.65222101842,3.41820151679,6008.42
2017-10-23,0.0631299588994,0.199146833687,2.71809100999,3.46947835738,5930.32
2017-10-24,0.0364745930773,0.200103142399,4.3873659118,1.79618593564,5526.64
2017-10-25,0.0780181275802,0.288740495024,1.5127919911,2.18909899889,5750.8
2017-10-26,0.0916463317604,0.242045642002,1.42263279446,0.875288683603,5904.83
2017-10-27,0.0675393156065,0.253226431753,1.78686759957,0.681377825619,5780.9
2017-10-28,0.0823130249119,0.229145035899,1.10668103448,0.816810344828,5753.09
2017-10-30,0.0659631471561,0.213396302394,1.60298826041,0.740661686233,6130.53
2017-10-31,0.0678217564085,0.22605235571,1.64547413793,0.792025862069,6468.4
2017-11-01,0.0515796310708,0.175969889685,2.60855949896,2.55427974948,6767.31
2017-11-02,0.0733667552648,0.257603599138,1.64613778706,1.0751565762,7078.5
2017-11-03,0.0731605223681,0.219485763192,2.29392624729,0.927331887202,7207.76
2017-11-04,0.0623556426213,0.212246143517,1.59829059829,0.911324786325,7379.95
2017-11-05,0.0678241361217,0.218316225656,3.24418604651,1.82135306554,7407.41
2017-11-06,0.0576055518189,0.292235023131,0.790842872008,0.409989594173,7022.76
2017-11-07,0.0867054618543,0.234827652403,1.33122362869,1.05168776371,7144.38
2017-11-08,0.0758557445384,0.281823124714,2.1679144385,0.904812834225,7459.69
2017-11-09,0.09015333508,0.288956757377,1.37861915367,0.909799554566,7143.58
2017-11-10,0.0653769928163,0.231437221941,1.14231738035,0.598236775819,6618.14
2017-11-11,0.0549658286507,0.22096266171,1.60024449878,5.31662591687,6357.6
2017-11-12,0.0703447304978,0.228011502552,1.60027472527,0.916208791209,5950.07
2017-11-13,0.0817361009153,0.236147507914,4.07730673317,1.56733167082,6559.49
2017-11-14,0.0675776617053,0.217480602559,0.984234234234,0.873873873874,6635.75
2017-11-15,0.0627133167706,0.243012642979,1.85201793722,0.734304932735,7315.54
2017-11-16,0.0965844059652,0.231750705214,2.38179800222,1.2064372919,7871.69
2017-11-17,0.0909488943684,0.241313209959,1.714922049,0.75723830735,7708.99
2017-11-18,0.0739863071802,0.26650255385,1.28538283063,1.11368909513,7790.15
2017-11-19,0.082750326922,0.246984244917,6.11349036403,2.95182012848,8036.49
2017-11-20,0.0796865699707,0.248362367028,2.40843507214,1.28745837958,8200.64
2017-11-21,0.0552442557687,0.215130660184,1.99260042283,1.06553911205,8071.26
2017-11-22,0.0847601962072,0.232304881769,2.00797266515,0.851936218679,8253.55
2017-11-23,0.0689487866165,0.239075721231,1.9293598234,1.2417218543,8038.77
2017-11-24,0.0671411387664,0.221575835298,2.26384364821,2.00977198697,8253.69
2017-11-25,0.0824308424022,0.23787901918,2.60765027322,2.18032786885,8790.92
2017-11-26,0.0737609259808,0.241080373237,1.83262260128,0.868869936034,9330.55
2017-11-27,0.13119060078,0.305322667546,3.93110647182,1.38935281837,9818.35
2017-11-28,0.0593411763406,0.244479298329,1.5233441911,1.36264929425,10058.8
2017-11-29,0.0548030012877,0.225970526807,1.82443531828,0.702258726899,9888.61
2017-11-30,0.057440865929,0.244585346709,8.89600840336,4.51050420168,10233.6
2017-12-01,0.0533083718636,0.217243043854,2.32261521972,0.832797427653,10975.6
2017-12-02,0.0640127813131,0.234665412334,1.45532831001,0.814854682454,11074.6
2017-12-03,0.0895373182651,0.25758931569,2.33609958506,0.797717842324,11323.2
2017-12-04,0.0809943729152,0.224580501523,2.26630434783,1.24130434783,11657.2
2017-12-05,0.0660216122249,0.251876315913,1.59361702128,0.558510638298,11916.7
2017-12-07,0.059190680325,0.268979835279,2.57084188912,1.69507186858,17899.7
2017-12-08,0.0575977670569,0.272819602226,2.29123173278,0.72860125261,16569.4
2017-12-09,0.0899414757369,0.297407732642,2.58298319328,1.36344537815,15178.2
2017-12-10,0.0725062367552,0.232075438726,1.94661190965,0.685831622177,15455.4
2017-12-11,0.0573129844531,0.269099924124,2.1532769556,0.492600422833,16936.8
2017-12-12,0.0398950892873,0.277412170588,10.0,2.97308488613,17415.4
2017-12-13,0.0905065792555,0.281798748267,1.56553911205,0.641649048626,16408.2
2017-12-14,0.053299992355,0.26180992866,2.42917103882,1.28751311647,16564.0
2017-12-15,0.0579681309223,0.217998634024,3.30512016719,1.41379310345,17706.9
2017-12-16,0.0632928841165,0.210049070138,3.07773109244,0.886554621849,19497.4
2017-12-17,0.0576608527735,0.22894665686,2.3679245283,1.46855345912,19140.8
2017-12-18,0.0699896343589,0.232552145705,2.43949044586,0.953290870488,19114.2
